100
2
0 1
0 2
3
2 2
0 0
4 4
1
1 1
5
0 5
0 1
1 1
4 7
5 6
8
5 5
8 11
11 15
0 3
0 7
8 11
1 15
4 7
10
0 7
0 19
0 9
0 5
0 4
0 6
0 1
0 2
0 5
0 9
9
1 8
8 10
3 14
1 10
0 1
1 6
10 14
11 17
7 16
5
0 9
3 7
1 4
3 4
0 3
5
4 5
1 3
6 7
0 3
4 6
10
0 13
12 18
3 8
7 9
1 13
11 18
12 12
3 6
6 17
1 1
8
741 1327
324 1510
179 223
35 37
266 1098
1172 1588
995 1886
344 1187
10
7 17
3 10
12 15
12 17
5 19
0 2
8 13
0 14
5 7
3 5
5
0 6
0 1
0 9
5 5
6 8
2
1 3
0 0
10
0 1
11 13
4 4
13 19
3 11
4 11
1 6
14 17
8 10
8 17
5
0 8
0 3
3 8
0 8
3 3
6
0 0
0 0
0 0
0 0
0 0
0 0
9
9 11
1 5
14 16
5 12
0 6
5 14
1 5
5 7
2 16
2
2 3
0 0
9
0 7
0 4
0 6
0 6
0 2
0 7
0 17
0 6
0 1
7
0 9
10 13
1 2
0 0
6 6
6 10
1 10
5
1221 1507
587 679
754 940
1656 1864
22 576
5
1 7
6 9
0 3
5 8
2 4
6
1 3
6 7
4 6
7 8
2 6
0 6
8
1 3
7 9
3 5
14 15
6 9
0 7
12 13
1 8
4
1 3
0 0
5 8
1 5
1
0 2
2
1 3
0 2
1
0 2
7
5 10
2 8
3 12
1 6
4 11
0 9
7 13
3
1 3
0 3
1 3
5
6 8
3 6
1 1
0 0
3 8
9
2 3
6 11
7 13
7 11
11 16
0 9
3 10
1 3
15 16
6
1 7
6 8
1 10
0 1
3 8
1 6
1
0 0
2
0 3
0 1
3
1467 1947
307 429
175 1517
3
3 5
1 1
0 3
9
467 873
46 439
137 1136
827 1933
425 1370
227 1108
321 1812
1 1242
910 1815
6
5 6
9 10
4 10
0 1
1 2
7 8
6
782 1653
82 1253
828 1672
619 639
451 1741
19 219
8
0 3
0 1
0 3
0 4
0 8
0 15
0 2
0 6
1
0 2
9
5 17
2 9
13 16
2 14
5 14
8 10
0 4
0 10
5 10
9
2 13
2 14
16 17
3 7
0 9
10 10
2 8
0 5
12 16
6
0 11
0 3
0 3
0 1
0 4
0 6
7
173 187
304 1007
1438 1688
459 840
16 226
653 1638
1031 1386
4
4 7
2 5
1 3
0 6
3
0 2
0 5
0 1
9
1 1
12 14
5 12
0 8
4 14
16 16
3 7
7 8
1 11
4
0 6
0 3
0 3
4 5
10
132 154
111 344
329 574
689 1487
287 1338
5 394
401 951
842 1409
686 941
8 13
5
403 1060
398 458
1199 1425
227 255
183 755
9
3 14
2 9
0 12
4 15
8 13
10 11
1 7
5 6
16 17
6
3 6
6 8
0 5
8 10
2 6
0 3
5
6 6
1 2
0 5
1 8
4 8
3
3 4
1 5
0 2
8
6 13
12 13
0 6
0 2
5 6
3 5
10 11
1 11
1
0 2
6
5 11
1 3
7 9
0 3
5 9
1 8
1
0 1
10
2001 2001
2001 2001
2001 2001
2001 2001
2001 2001
2001 2001
2001 2001
2001 2001
2001 2001
2001 2001
3
1 2
2 3
0 0
5
23 202
49 1348
295 1327
366 410
952 1447
10
0 3
3 8
15 18
5 5
14 15
1 2
10 19
11 13
3 14
8 11
3
0 3
0 5
0 1
7
5 12
4 8
4 12
0 7
11 11
1 2
2 5
9
3 13
0 11
4 6
2 14
8 13
3 10
1 3
4 6
14 17
1
0 2
2
7 49
352 1113
3
1296 1341
471 864
101 147
10
0 2
0 9
0 2
0 5
0 3
0 19
0 1
0 8
0 7
0 10
3
5 5
1 3
0 1
6
1 5
0 3
8 9
1 6
6 9
2 6
9
0 9
3 16
1 4
2 6
7 10
12 17
14 15
8 13
5 11
2
2 2
0 0
6
5 7
2 7
0 1
4 9
9 9
2 4
5
0 1
5 9
2 4
7 8
3 6
4
5 5
0 6
1 7
0 2
6
0 11
0 4
0 3
0 6
0 3
0 1
7
97 512
248 947
338 437
731 786
177 220
1425 1781
773 1655
1
0 0
3
0 2
3 4
2 2
3
0 2
2 5
2 3
6
983 1256
1685 1716
10 1476
346 662
146 272
196 725
7
0 3
0 2
0 2
0 1
0 13
0 3
0 6
7
3 6
5 7
10 12
3 8
11 12
2 7
0 1
1
859 1857
8
1 6
5 8
2 14
8 8
12 12
0 11
3 6
3 11
6
4 11
7 9
5 9
2 7
0 3
0 4
4
7 7
4 5
0 1
0 2
8
0 8
8 9
8 10
2 5
8 12
0 2
6 15
4 11
8
6 8
3 7
5 7
3 9
12 13
1 10
0 1
14 15
1
0 2
2
1858 1901
158 957
7
6 10
4 8
1 10
1 3
4 10
0 7
8 11
8
0 1
0 7
0 15
0 4
0 2
0 5
0 2
0 7
7
6 7
5 10
1 8
2 4
3 12
0 9
11 13
6
4 8
1 5
7 9
9 9
1 3
1 6
5
0 5
1 5
1 6
2 5
6 7
