100
2
0 1
0 2
3
2 2
0 0
4 4
1
1 1
5
0 5
0 1
1 1
4 7
5 6
3
0 2
3 4
1 5
1
0 2
9
15 16
1 4
6 10
5 8
13 17
3 7
9 14
11 12
0 2
2
0 1
0 3
7
11 12
2 5
5 8
2 5
0 10
1 1
10 12
7
2 12
1 8
8 10
0 1
5 9
4 5
10 12
8
10 11
5 12
3 4
1 9
0 2
6 7
13 14
8 15
3
833 928
425 472
762 957
4
2 5
1 2
4 5
0 2
8
0 0
0 0
0 0
0 0
0 0
0 0
0 0
0 0
2
2 3
0 1
3
4 4
2 3
0 0
9
0 5
0 2
0 17
0 8
0 2
0 2
0 1
0 7
0 6
10
0 1
0 9
0 6
0 7
0 8
0 19
0 5
0 7
0 4
0 9
1
0 1
1
0 1
1
0 0
1
0 2
10
1 18
4 8
12 19
11 14
15 16
13 17
0 9
7 10
2 3
5 6
5
6 7
8 9
4 5
1 3
0 2
7
4 12
1 2
6 6
0 2
4 7
6 10
7 11
5
0 9
0 2
0 1
0 2
0 2
8
9 11
0 4
1 4
8 14
0 9
1 6
13 15
7 12
10
16 18
10 12
11 15
8 14
7 18
9 14
0 5
1 11
0 3
4 5
10
1 7
15 17
17 18
3 8
1 5
5 12
1 13
8 10
0 14
7 7
5
2 7
4 9
0 2
1 3
3 8
6
3 11
8 8
3 8
0 1
5 6
3 6
6
2 6
0 3
9 11
8 10
1 4
5 7
8
0 13
7 11
1 5
2 15
5 7
1 11
1 2
7 12
1
509 1340
10
2001 2001
2001 2001
2001 2001
2001 2001
2001 2001
2001 2001
2001 2001
2001 2001
2001 2001
2001 2001
6
4 8
0 0
0 6
4 9
5 11
6 9
7
0 1
0 7
0 7
0 7
0 5
0 5
0 13
3
2 4
0 2
0 5
2
978 1829
1007 1401
7
0 2
4 9
1 2
8 9
9 14
2 2
3 10
3
521 645
916 1436
351 1001
1
0 1
9
7 13
0 6
0 7
6 11
11 13
1 11
4 13
7 16
1 7
1
1569 1843
6
5 9
2 8
0 4
10 11
6 7
1 3
10
8 9
12 15
0 3
1 7
0 10
18 18
7 17
4 12
0 7
8 12
6
1 9
3 6
2 9
0 8
4 7
1 5
2
0 2
0 3
8
10 10
6 14
0 4
0 14
0 9
2 10
5 9
4 7
10
0 4
0 19
0 9
0 4
0 9
0 5
0 3
0 9
0 3
0 1
7
1116 1876
875 917
27 45
493 994
622 740
499 667
92 411
7
11 13
4 9
0 1
2 10
2 10
4 7
4 8
8
0 5
0 7
2 9
2 7
12 15
11 13
5 6
7 13
5
2 3
6 8
0 3
1 7
5 5
10
5 8
3 13
11 18
1 10
8 13
13 19
0 6
2 14
3 7
8 17
6
3 5
5 6
1 8
7 8
0 7
2 10
7
5 6
4 9
0 10
0 2
6 11
4 11
3 11
1
0 2
1
0 2
10
131 163
433 501
96 131
93 430
484 1303
1320 1487
326 328
1266 1779
1390 1617
106 314
1
0 2
9
8 8
0 14
3 4
11 14
2 11
3 9
4 4
15 15
1 14
1
0 2
2
2 2
0 2
3
1 1
1 4
0 4
6
5 6
3 4
0 2
1 6
10 11
2 4
8
9 11
14 14
6 13
1 6
5 8
0 0
3 4
8 11
7
1 7
4 11
12 13
9 10
2 6
0 3
5 8
9
6 15
0 4
3 8
10 12
11 11
1 5
3 14
7 8
15 15
7
1 13
9 12
0 2
4 5
3 10
8 11
6 7
10
377 1739
480 600
89 1074
232 311
346 805
13 1090
309 381
792 1355
264 525
853 1964
8
1 1
6 6
5 11
3 4
12 12
1 6
9 12
10 14
9
2 12
1 15
6 10
0 3
8 12
4 12
3 6
13 15
8 9
9
0 3
0 8
0 17
0 2
0 1
0 6
0 4
0 5
0 9
4
5 7
2 2
1 5
0 6
5
0 9
0 5
0 3
0 5
0 1
4
2 7
4 5
2 5
0 1
1
0 2
7
5 6
0 6
9 9
9 11
3 3
1 6
2 4
2
0 2
0 3
2
245 329
477 574
2
2 2
0 2
8
4 6
6 9
1 11
5 12
13 14
6 11
1 3
0 6
10
1 15
1 4
5 9
3 15
17 19
12 16
1 10
0 6
10 13
8 13
3
342 400
729 1495
2 7
7
4 9
4 11
1 10
1 4
6 10
0 4
4 6
2
427 1891
92 1760
3
0 5
0 1
0 3
2
2 3
0 2
8
2 10
13 14
0 4
0 2
8 8
12 12
7 9
0 6
4
510 1287
136 201
116 241
1604 1918
9
13 14
7 8
2 11
1 10
0 5
1 9
13 15
3 14
6 8
5
1 6
1 7
0 3
7 7
1 2
3
4 4
0 0
3 3
10
8 13
5 6
2 14
7 15
12 17
4 9
18 19
10 11
0 1
3 16
5
0 0
1 9
6 6
2 8
0 3
10
0 7
2 6
15 17
9 9
17 18
1 3
7 7
3 15
9 11
5 14
3
0 1
0 5
0 3
4
0 2
0 1
0 6
0 6
9
500 2000
795 1508
632 635
194 549
334 410
480 1085
758 1324
665 1392
20 20
